993679
878835
574016
510323
426555
422415
392170
380670
352373
317714
312619
294102
289452
286264
286109
277614
247623
223162
216128
211705
207565
207508
202256
199217
196296
189064
187572
186815
183186
180885
180223
178929
174578
169272
168226
164922
164177
161406
161165
160695
159600
159108
157091
156798
147043
138549
132975
129961
127914
126353
126129
125409
125408
119895
115917
115133
112333
111317
108717
106690
106110
106093
106018
105875
104760
104437
103591
103563
103262
103165
103129
103038
101973
100420
99829
99340
98212
98211
97850
96623
93886
92457
91235
88677
87300
86978
86882
86871
84488
83451
82018
80349
80269
77961
77198
77012
76627
75601
75555
75355
75326
74975
74350
72160
72002
71406
70756
69691
69385
68658
68123
66839
66081
65532
65507
65456
65256
64711
64522
63935
63765
63357
63280
62709
62616
61331
61069
60853
60196
59294
58027
57251
56567
55444
55444
55235
55192
55148
54781
54394
54092
53302
52899
52891
52506
52406
52398
52325
52289
52185
52178
51747
51170
50895
50821
50287
49818
49314
48841
48436
48275
48073
47673
47582
47350
46820
46589
46586
46497
46031
45971
45910
44901
44815
44218
44168
43870
43738
43706
43660
43491
43400
43386
42892
42197
42014
42014
41447
41090
40769
40367
40172
40164
39521
39498
39093
39057
39038
38622
38313
38208
38187
38182
37941
37922
37857
37634
37596
37400
37370
37341
37303
37162
36824
36599
36483
36052
35944
35771
35687
35620
35611
35465
35381
34819
34588
34094
34052
34001
33877
33859
33735
33164
33092
33038
32615
32577
32571
32418
32371
32285
32102
31792
31363
31287
30893
30884
30674
30658
30657
30632
30550
30544
30491
30455
30415
30221
29980
29759
29647
29568
29509
29384
29179
28891
28841
28763
28748
28635
28490
28475
28420
28350
28176
27880
27824
27640
27349
26729
26627
26527
26333
26245
26241
26195
26190
25936
25909
25731
25549
24802
24504
24293
24026
23964
23943
23865
23843
23751
23702
23641
23594
23580
23528
23408
23127
22918
22912
22908
22550
22508
22376
22109
21987
21890
21873
21750
21749
21547
21212
21202
21115
21105
21076
21012
20959
20606
20555
20192
20189
19998
19995
19936
19716
19624
19565
19467
19376
19156
19130
19086
19066
19028
18856
18823
18819
18775
18723
18691
18500
18446
18428
18394
18384
18342
18335
18247
18199
18185
18130
17957
17930
17918
17903
17886
17713
17655
17574
17532
17476
17429
17393
17303
17163
17058
16951
16867
16862
16754
16738
16636
16472
16462
16396
16373
16314
16240
16237
16108
16093
16002
15930
15857
15842
15620
15517
15470
15442
15311
15296
15288
15179
15140
15115
15003
14968
14646
14621
14590
14557
14496
14449
14438
14336
14311
14256
14184
14116
14082
14061
14037
14029
14005
13933
13914
13860
13857
13832
13820
13771
13720
13708
13678
13598
13581
13533
13514
13514
13341
13285
13272
13267
13240
13201
13031
12952
12822
12812
12769
12739
12681
12641
12585
12512
12453
12397
12386
12124
12031
11959
11878
11856
11837
11786
11784
11735
11678
11674
11662
11520
11491
11480
11423
11361
11271
11259
11257
11206
11110
11093
11090
11083
11024
11022
10977
10917
10899
10858
10717
10694
10688
10608
10578
10497
10465
10423
10362
10359
10329
10313
10142
10139
10088
10054
10052
9954
9935
9881
9809
9792
9779
9701
9700
9653
9641
9637
9622
9561
9545
9529
9516
9458
9376
9357
9296
9241
9190
9179
9167
9140
9133
9129
9082
9063
9005
8987
8987
8987
8946
8931
8925
8874
8835
8805
8760
8712
8664
8663
8652
8638
8579
8525
8518
8498
8494
8457
8415
8368
8350
8314
8275
8218
8204
8193
8170
8167
8151
8142
8131
8123
8032
8009
8001
7999
7977
7974
7967
7963
7870
7773
7766
7689
7663
7655
7646
7605
7588
7576
7549
7500
7493
7447
7439
7407
7364
7318
7259
7249
7225
7210
7206
7206
7179
7139
7108
7052
7050
7000
6994
6985
6926
6913
6891
6833
6794
6774
6754
6748
6736
6730
6720
6717
6698
6681
6676
6656
6645
6628
6534
6506
6478
6475
6469
6413
6392
6366
6341
6289
6274
6263
6259
6251
6211
6205
6193
6178
6175
6164
6128
6017
6005
5988
5980
5949
5940
5912
5896
5891
5890
5846
5821
5741
5675
5661
5655
5638
5631
5624
5599
5586
5539
5536
5524
5512
5501
5498
5498
5490
5448
5442
5435
5428
5426
5410
5357
5347
5304
5278
5275
5260
5258
5251
5242
5229
5169
5142
5132
5096
5086
5080
5056
5051
5044
5039
5026
5019
5018
5004
4967
4965
4942
4935
4926
4925
4906
4891
4870
4860
4845
4823
4821
4755
4752
4726
4708
4680
4674
4654
4630
4628
4579
4575
4544
4532
4528
4523
4493
4491
4488
4485
4476
4464
4455
4453
4453
4430
4391
4390
4381
4364
4362
4350
4343
4326
4319
4272
4233
4214
4213
4201
4187
4098
4097
4084
4075
4072
4042
4037
4030
4014
3996
3978
3966
3948
3914
3904
3888
3877
3872
3869
3865
3851
3833
3818
3810
3794
3784
3776
3772
3752
3747
3739
3735
3721
3712
3698
3696
3690
3654
3641
3632
3612
3600
3591
3591
3582
3561
3555
3543
3536
3515
3491
3480
3458
3456
3452
3427
3418
3417
3412
3400
3320
3312
3296
3294
3293
3287
3281
3278
3277
3262
3247
3238
3230
3226
3225
3224
3220
3215
3199
3194
3138
3123
3121
3120
3120
3108
3102
3090
3087
3068
3050
3050
3036
3034
3031
3008
3002
2992
2988
2979
2964
2955
2946
2919
2892
2887
2885
2883
2854
2839
2836
2827
2820
2818
2816
2815
2801
2790
2787
2786
2782
2775
2772
2764
2747
2717
2709
2709
2676
2669
2655
2652
2639
2618
2613
2599
2586
2577
2576
2560
2557
2550
2549
2549
2530
2512
2492
2470
2466
2459
2451
2449
2425
2414
2396
2391
2389
2389
2381
2372
2372
2354
2352
2340
2333
2330
2316
2311
2310
2310
2304
2303
2297
2289
2288
2274
2266
2261
2260
2255
2250
2250
2227
2225
2217
2217
2204
2198
2193
2177
2175
2173
2170
2155
2155
2145
2137
2136
2135
2131
2120
2115
2112
2105
2102
2089
2081
2076
2076
2074
2072
2072
2071
2062
2062
2059
2059
2058
2056
2055
2051
2036
2030
2022
2013
2008
1979
1975
1962
1957
1956
1955
1952
1949
1920
1905
1904
1901
1901
1883
1877
1874
1874
1873
1870
1867
1862
1859
1853
1842
1834
1831
1829
1821
1816
1812
1808
1807
1794
1787
1779
1771
1765
1752
1746
1745
1742
1739
1733
1727
1727
1724
1707
1706
1705
1701
1697
1690
1686
1686
1685
1685
1683
1676
1670
1663
1654
1654
1646
1646
1645
1644
1639
1623
1621
1619
1619
1619
1615
1614
1605
1599
1597
1586
1583
1581
1579
1556
1550
1540
1533
1529
1526
1526
1510
1508
1508
1507
1500
1493
1489
1488
1485
1480
1479
1475
1465
1465
1460
1458
1451
1446
1444
1444
1443
1437
1430
1424
1424
1423
1408
1401
1400
1392
1392
1389
1389
1389
1388
1387
1377
1371
1361
1359
1339
1337
1328
1327
1324
1323
1314
1313
1305
1304
1304
1299
1293
1287
1280
1267
1265
1261
1260
1258
1253
1252
1251
1243
1243
1242
1233
1227
1224
1204
1202
1201
1199
1199
1198
1198
1196
1196
1195
1194
1193
1189
1188
1178
1178
1177
1173
1171
1163
1161
1159
1152
1151
1133
1130
1130
1129
1121
1118
1113
1111
1109
1105
1100
1086
1084
1084
1062
1061
1060
1058
1056
1056
1048
1038
1033
1029
1028
1027
1025
1018
1017
1005
1003
996
993
990
988
983
978
975
975
971
970
970
970
967
967
960
955
955
955
954
954
944
943
942
940
933
928
923
922
922
918
917
913
912
911
910
909
908
903
897
897
896
895
893
889
887
887
885
882
878
877
876
870
870
869
864
863
862
862
861
859
858
853
852
851
851
841
836
829
828
826
824
819
815
815
814
814
813
809
806
804
802
801
800
797
793
792
789
784
783
782
781
781
780
776
774
769
764
760
758
758
758
757
750
748
747
742
739
739
738
737
734
733
732
731
730
727
726
723
721
721
720
717
716
712
710
709
709
704
703
702
701
699
693
693
692
690
684
683
679
676
674
671
669
666
662
661
658
657
654
653
653
651
650
645
644
644
641
640
637
634
632
632
632
631
630
627
622
620
617
615
614
610
610
609
608
605
604
604
604
601
599
598
597
597
596
595
593
592
591
591
591
590
589
587
587
587
586
585
583
579
578
578
572
570
570
570
569
569
567
565
562
552
551
550
550
547
545
545
544
543
540
538
537
537
536
536
534
533
532
531
525
524
523
522
522
521
521
521
520
518
518
516
515
515
514
511
511
511
510
508
508
507
507
507
506
506
506
506
505
503
503
502
501
499
498
498
497
496
496
495
495
492
492
490
489
487
486
484
484
476
473
473
473
472
471
469
469
468
463
463
461
460
459
459
456
451
450
449
448
447
446
445
444
442
437
436
435
434
434
434
433
431
428
427
426
425
423
422
422
422
421
420
420
419
418
417
416
415
414
414
413
412
411
410
409
408
407
404
404
402
400
400
398
397
397
397
396
392
389
388
387
386
386
386
385
384
384
383
383
381
380
378
378
377
377
377
375
375
374
374
373
370
370
370
370
367
366
366
366
366
365
365
365
365
364
363
363
361
360
357
357
356
355
355
353
352
352
351
350
350
349
348
348
346
345
344
344
342
342
342
338
335
335
334
334
333
333
333
333
333
332
332
331
331
330
329
328
328
328
328
327
326
324
324
323
323
323
323
321
321
321
320
320
320
320
318
317
315
315
314
314
311
310
310
310
308
308
308
306
305
305
303
303
303
302
301
300
299
299
299
298
298
298
297
296
295
295
294
294
293
291
291
290
289
288
285
284
284
283
282
282
282
281
280
280
280
280
280
279
279
279
277
277
277
277
276
275
275
274
272
272
272
272
271
271
270
270
268
268
267
267
265
264
263
263
262
261
260
259
259
259
258
256
256
255
254
252
251
250
250
249
249
248
248
247
245
245
243
242
242
240
240
239
239
238
238
237
237
236
236
235
235
234
234
234
233
232
231
231
231
231
230
230
230
228
227
227
227
226
226
225
225
225
223
222
221
221
221
221
220
220
219
219
218
218
218
217
215
215
214
214
213
211
211
210
210
209
209
208
207
206
206
205
205
204
204
204
204
203
203
201
200
199
198
198
198
198
197
197
197
197
194
193
193
193
190
189
189
189
188
187
186
186
185
183
183
183
183
182
182
181
180
179
179
179
179
178
178
177
177
177
176
176
176
176
175
175
174
174
172
172
172
172
171
171
171
170
170
170
169
169
168
167
167
166
166
166
165
162
162
161
161
161
160
159
159
159
158
158
158
158
158
155
153
153
151
151
151
150
150
149
148
147
146
146
145
145
145
144
144
144
144
143
143
143
141
140
140
140
139
139
138
138
137
136
136
135
135
135
135
134
133
133
133
133
131
131
131
131
131
130
130
129
129
128
127
127
127
127
127
126
125
125
124
123
122
122
122
122
122
121
121
120
120
118
118
117
116
116
116
115
115
114
114
113
112
112
112
112
112
111
108
108
108
107
107
106
106
105
104
104
104
103
102
102
101
100
100
99
99
99
98
97
97
96
96
95
95
95
95
94
94
94
93
93
92
91
91
91
89
89
88
88
86
86
86
85
85
83
83
83
83
82
82
81
81
81
80
80
79
79
79
79
79
78
77
77
77
76
75
74
74
74
74
74
74
72
72
71
70
69
69
69
69
68
68
67
67
67
66
66
66
65
65
64
63
63
63
63
62
62
62
62
62
61
60
59
59
59
59
59
58
57
57
57
56
55
55
55
54
54
54
54
53
53
53
53
52
52
52
52
51
51
50
50
49
49
48
48
48
48
47
46
46
46
45
45
45
45
45
45
44
44
43
43
43
43
42
42
41
41
40
40
40
40
39
39
38
37
37
36
35
35
34
34
34
33
33
33
32
32
31
30
30
30
30
29
29
28
28
27
27
26
26
25
25
23
23
22
22
21
21
21
21
21
21
21
20
20
20
20
20
19
19
19
18
18
18
18
17
17
17
16
16
16
15
15
15
15
14
14
13
13
13
12
12
11
10
9
9
8
8
7
6
5
5
5
3
3
3
